96.27395820617676
123.652911901474
107.92237997055054
67.38678789138794
145.27919602394104
153.46287512779236
68.7572910785675
97.35172200202942
53.800053119659424
59.595775842666626
88.08914685249329
93.29143190383911
86.39613389968872
64.67468094825745
62.11622500419617
71.68664598464966
56.52695107460022
56.99259901046753
63.82485890388489
37.198148012161255
71.96706485748291
64.03860998153687
178.39576196670532
156.64221811294556
123.787024974823
174.31580305099487
266.37093591690063
370.20653796195984
370.4307839870453
161.73047494888306
351.63800621032715
333.1685149669647
327.79231691360474
